#N canvas 714 174 690 486 12;
#X obj 78 299 cos~;
#X obj 78 276 *~;
#X obj 121 299 cos~;
#X obj 176 244 wrap~;
#X obj 140 244 -~;
#X obj 121 276 +~;
#X obj 114 329 -~;
#X obj 134 361 *~;
#X obj 96 361 +~;
#X obj 247 266 *~;
#N canvas 210 144 861 549 make-table 0;
#X msg 81 44 bang;
#X obj 81 73 t b b;
#X obj 159 142 f;
#X obj 197 142 + 1;
#X msg 175 112 0;
#X obj 81 102 until;
#X obj 159 178 t f f;
#X obj 62 147 sel 199;
#N canvas 0 22 450 300 (subpatch) 0;
#X array \$0-gaussian 200 float 1;
#A 0 1.12535e-07 1.54727e-07 2.12059e-07 2.89706e-07 3.94519e-07 5.35535e-07
7.24633e-07 9.77371e-07 1.31404e-06 1.76105e-06 2.35258e-06 3.13275e-06
4.15832e-06 5.50199e-06 7.25659e-06 9.54016e-06 1.25023e-05 1.63317e-05
2.1266e-05 2.76026e-05 3.57128e-05 4.60584e-05 5.92113e-05 7.58768e-05
9.69224e-05 0.00012341 0.000156634 0.000198167 0.000249912 0.000314163
0.000393669 0.000491721 0.000612231 0.000759842 0.000940028 0.00115923
0.00142498 0.00174605 0.00213263 0.00259648 0.00315111 0.00381201 0.00459678
0.0055254 0.0066204 0.00790705 0.0094136 0.0111714 0.013215 0.0155826
0.0183156 0.0214592 0.0250621 0.0291763 0.0338573 0.0391639 0.0451575
0.0519019 0.0594631 0.0679081 0.0773047 0.0877205 0.0992216 0.111872
0.125732 0.140858 0.1573 0.1751 0.194291 0.214896 0.236928 0.260383
0.285247 0.311486 0.339053 0.367879 0.397882 0.428956 0.46098 0.493812
0.527292 0.561244 0.595473 0.62977 0.663916 0.697676 0.730811 0.763074
0.794216 0.823987 0.852144 0.878447 0.902668 0.924595 0.944027 0.960789
0.974725 0.985703 0.99362 0.998401 1 0.998401 0.99362 0.985703 0.974725
0.960789 0.944027 0.924595 0.902668 0.878447 0.852144 0.823987 0.794216
0.763074 0.730811 0.697676 0.663916 0.62977 0.595473 0.561244 0.527292
0.493812 0.46098 0.428956 0.397882 0.367879 0.339053 0.311486 0.285247
0.260383 0.236928 0.214896 0.194291 0.1751 0.1573 0.140858 0.125732
0.111872 0.0992216 0.0877205 0.0773047 0.0679081 0.0594631 0.0519019
0.0451575 0.0391639 0.0338573 0.0291763 0.0250621 0.0214592 0.0183156
0.0155826 0.013215 0.0111714 0.0094136 0.00790705 0.0066204 0.0055254
0.00459678 0.00381201 0.00315111 0.00259648 0.00213263 0.00174605 0.00142498
0.00115923 0.000940028 0.000759842 0.000612231 0.000491721 0.000393669
0.000314163 0.000249912 0.000198167 0.000156634 0.00012341 9.69224e-05
7.58768e-05 5.92113e-05 4.60584e-05 3.57128e-05 2.76026e-05 2.1266e-05
1.63317e-05 1.25023e-05 9.54016e-06 7.25659e-06 5.50199e-06 4.15832e-06
3.13275e-06 2.35258e-06 1.76105e-06 1.31404e-06 9.77371e-07 7.24633e-07
5.35535e-07 3.94519e-07 2.89706e-07 2.12059e-07 1.54727e-07;
#X coords 0 1 199 0 200 140 1;
#X restore 201 -36 graph;
#X msg 410 82 bang;
#X obj 410 111 t b b;
#X obj 488 180 f;
#X obj 526 180 + 1;
#X msg 504 150 0;
#X obj 410 140 until;
#X obj 490 215 t f f;
#N canvas 0 22 450 300 (subpatch) 0;
#X array \$0-cauchy 2000 float 1;
#A 0 0.00062461 0.00062586 0.000627114 0.000628372 0.000629633 0.000630899
0.000632168 0.000633441 0.000634718 0.000635999 0.000637284 0.000638572
0.000639865 0.000641161 0.000642461 0.000643766 0.000645074 0.000646386
0.000647703 0.000649023 0.000650347 0.000651676 0.000653008 0.000654345
0.000655685 0.00065703 0.000658379 0.000659732 0.000661089 0.000662451
0.000663817 0.000665187 0.000666561 0.000667939 0.000669322 0.000670709
0.0006721 0.000673496 0.000674896 0.0006763 0.000677709 0.000679122
0.00068054 0.000681962 0.000683388 0.000684819 0.000686254 0.000687694
0.000689139 0.000690588 0.000692042 0.0006935 0.000694963 0.00069643
0.000697902 0.000699379 0.00070086 0.000702347 0.000703837 0.000705333
0.000706834 0.000708339 0.000709849 0.000711364 0.000712884 0.000714408
0.000715938 0.000717472 0.000719012 0.000720556 0.000722105 0.000723659
0.000725219 0.000726783 0.000728352 0.000729927 0.000731507 0.000733091
0.000734681 0.000736276 0.000737877 0.000739482 0.000741093 0.000742709
0.00074433 0.000745957 0.000747589 0.000749226 0.000750869 0.000752517
0.000754171 0.00075583 0.000757494 0.000759164 0.000760839 0.000762521
0.000764207 0.0007659 0.000767597 0.000769301 0.00077101 0.000772725
0.000774446 0.000776172 0.000777904 0.000779642 0.000781386 0.000783135
0.000784891 0.000786652 0.00078842 0.000790193 0.000791972 0.000793758
0.000795549 0.000797346 0.00079915 0.00080096 0.000802775 0.000804597
0.000806426 0.00080826 0.000810101 0.000811948 0.000813801 0.000815661
0.000817527 0.000819399 0.000821278 0.000823163 0.000825055 0.000826954
0.000828859 0.00083077 0.000832688 0.000834613 0.000836544 0.000838483
0.000840428 0.000842379 0.000844338 0.000846303 0.000848275 0.000850255
0.000852241 0.000854234 0.000856234 0.000858241 0.000860255 0.000862276
0.000864304 0.00086634 0.000868383 0.000870432 0.000872489 0.000874554
0.000876626 0.000878705 0.000880792 0.000882886 0.000884987 0.000887096
0.000889213 0.000891337 0.000893469 0.000895608 0.000897755 0.00089991
0.000902073 0.000904243 0.000906421 0.000908607 0.000910801 0.000913003
0.000915213 0.000917431 0.000919657 0.000921892 0.000924134 0.000926384
0.000928643 0.00093091 0.000933185 0.000935469 0.000937761 0.000940062
0.000942371 0.000944688 0.000947014 0.000949349 0.000951692 0.000954044
0.000956405 0.000958774 0.000961152 0.00096354 0.000965936 0.000968341
0.000970755 0.000973178 0.00097561 0.000978051 0.000980501 0.000982961
0.00098543 0.000987908 0.000990396 0.000992893 0.000995399 0.000997915
0.00100044 0.00100298 0.00100552 0.00100807 0.00101064 0.00101321 0.0010158
0.00101839 0.00102099 0.00102361 0.00102623 0.00102886 0.00103151 0.00103416
0.00103683 0.0010395 0.00104219 0.00104488 0.00104759 0.0010503 0.00105303
0.00105577 0.00105852 0.00106128 0.00106405 0.00106683 0.00106962 0.00107242
0.00107523 0.00107806 0.00108089 0.00108374 0.0010866 0.00108947 0.00109235
0.00109524 0.00109815 0.00110106 0.00110399 0.00110693 0.00110988 0.00111284
0.00111581 0.0011188 0.0011218 0.00112481 0.00112783 0.00113087 0.00113391
0.00113697 0.00114004 0.00114313 0.00114622 0.00114933 0.00115245 0.00115559
0.00115874 0.0011619 0.00116507 0.00116825 0.00117145 0.00117467 0.00117789
0.00118113 0.00118438 0.00118765 0.00119093 0.00119422 0.00119753 0.00120085
0.00120418 0.00120753 0.00121089 0.00121427 0.00121766 0.00122106 0.00122448
0.00122791 0.00123136 0.00123482 0.0012383 0.00124179 0.0012453 0.00124882
0.00125235 0.0012559 0.00125947 0.00126305 0.00126665 0.00127026 0.00127389
0.00127753 0.00128119 0.00128486 0.00128855 0.00129226 0.00129598 0.00129972
0.00130347 0.00130724 0.00131103 0.00131483 0.00131865 0.00132249 0.00132634
0.00133021 0.0013341 0.001338 0.00134192 0.00134586 0.00134982 0.00135379
0.00135778 0.00136179 0.00136582 0.00136986 0.00137393 0.00137801 0.0013821
0.00138622 0.00139036 0.00139451 0.00139868 0.00140287 0.00140708 0.00141131
0.00141556 0.00141983 0.00142412 0.00142842 0.00143275 0.00143709 0.00144146
0.00144584 0.00145025 0.00145467 0.00145912 0.00146358 0.00146807 0.00147258
0.0014771 0.00148165 0.00148622 0.00149081 0.00149543 0.00150006 0.00150472
0.00150939 0.00151409 0.00151881 0.00152355 0.00152832 0.00153311 0.00153792
0.00154275 0.0015476 0.00155248 0.00155738 0.00156231 0.00156726 0.00157223
0.00157722 0.00158224 0.00158729 0.00159235 0.00159744 0.00160256 0.0016077
0.00161287 0.00161806 0.00162327 0.00162851 0.00163378 0.00163907 0.00164439
0.00164973 0.0016551 0.00166049 0.00166592 0.00167136 0.00167684 0.00168234
0.00168787 0.00169343 0.00169901 0.00170462 0.00171026 0.00171593 0.00172163
0.00172735 0.0017331 0.00173888 0.00174469 0.00175053 0.0017564 0.0017623
0.00176823 0.00177419 0.00178018 0.00178619 0.00179224 0.00179832 0.00180443
0.00181058 0.00181675 0.00182295 0.00182919 0.00183546 0.00184176 0.0018481
0.00185446 0.00186086 0.00186729 0.00187376 0.00188026 0.00188679 0.00189336
0.00189996 0.0019066 0.00191327 0.00191998 0.00192672 0.00193349 0.00194031
0.00194716 0.00195404 0.00196096 0.00196792 0.00197492 0.00198195 0.00198902
0.00199613 0.00200328 0.00201046 0.00201768 0.00202495 0.00203225 0.00203959
0.00204697 0.00205439 0.00206186 0.00206936 0.0020769 0.00208449 0.00209211
0.00209978 0.00210749 0.00211525 0.00212304 0.00213088 0.00213876 0.00214669
0.00215466 0.00216267 0.00217073 0.00217884 0.00218699 0.00219519 0.00220343
0.00221172 0.00222005 0.00222843 0.00223686 0.00224534 0.00225387 0.00226244
0.00227107 0.00227974 0.00228846 0.00229724 0.00230606 0.00231493 0.00232386
0.00233284 0.00234187 0.00235095 0.00236008 0.00236927 0.00237851 0.00238781
0.00239716 0.00240657 0.00241603 0.00242555 0.00243512 0.00244475 0.00245444
0.00246418 0.00247398 0.00248384 0.00249377 0.00250375 0.00251379 0.00252389
0.00253405 0.00254427 0.00255455 0.0025649 0.00257531 0.00258579 0.00259632
0.00260693 0.00261759 0.00262833 0.00263912 0.00264999 0.00266092 0.00267192
0.00268299 0.00269413 0.00270533 0.00271661 0.00272796 0.00273938 0.00275087
0.00276243 0.00277407 0.00278578 0.00279756 0.00280942 0.00282135 0.00283336
0.00284545 0.00285761 0.00286986 0.00288218 0.00289458 0.00290706 0.00291962
0.00293226 0.00294499 0.0029578 0.00297069 0.00298366 0.00299673 0.00300987
0.00302311 0.00303643 0.00304984 0.00306333 0.00307692 0.0030906 0.00310437
0.00311823 0.00313219 0.00314624 0.00316038 0.00317462 0.00318895 0.00320339
0.00321792 0.00323255 0.00324728 0.00326211 0.00327704 0.00329207 0.00330721
0.00332245 0.0033378 0.00335326 0.00336882 0.00338449 0.00340027 0.00341616
0.00343216 0.00344828 0.0034645 0.00348085 0.00349731 0.00351388 0.00353058
0.00354739 0.00356432 0.00358137 0.00359855 0.00361585 0.00363328 0.00365083
0.00366851 0.00368631 0.00370425 0.00372232 0.00374052 0.00375886 0.00377733
0.00379593 0.00381467 0.00383356 0.00385258 0.00387174 0.00389105 0.0039105
0.0039301 0.00394985 0.00396974 0.00398979 0.00400998 0.00403033 0.00405084
0.0040715 0.00409232 0.0041133 0.00413445 0.00415575 0.00417722 0.00419886
0.00422066 0.00424264 0.00426479 0.00428711 0.0043096 0.00433228 0.00435513
0.00437816 0.00440138 0.00442478 0.00444837 0.00447214 0.00449611 0.00452027
0.00454463 0.00456918 0.00459393 0.00461889 0.00464404 0.00466941 0.00469498
0.00472076 0.00474675 0.00477296 0.00479939 0.00482603 0.0048529 0.00487999
0.00490731 0.00493486 0.00496264 0.00499066 0.00501891 0.00504741 0.00507614
0.00510512 0.00513436 0.00516384 0.00519357 0.00522357 0.00525382 0.00528434
0.00531512 0.00534618 0.0053775 0.0054091 0.00544098 0.00547314 0.00550559
0.00553833 0.00557135 0.00560468 0.0056383 0.00567223 0.00570646 0.005741
0.00577586 0.00581103 0.00584653 0.00588235 0.0059185 0.00595499 0.00599181
0.00602898 0.00606649 0.00610435 0.00614257 0.00618114 0.00622008 0.00625939
0.00629907 0.00633913 0.00637957 0.0064204 0.00646162 0.00650324 0.00654526
0.00658768 0.00663053 0.00667379 0.00671747 0.00676158 0.00680613 0.00685112
0.00689655 0.00694244 0.00698878 0.00703559 0.00708287 0.00713063 0.00717887
0.00722761 0.00727683 0.00732657 0.00737681 0.00742757 0.00747885 0.00753067
0.00758302 0.00763592 0.00768937 0.00774339 0.00779798 0.00785314 0.00790889
0.00796523 0.00802218 0.00807974 0.00813792 0.00819672 0.00825617 0.00831626
0.00837701 0.00843842 0.00850051 0.00856329 0.00862676 0.00869094 0.00875583
0.00882145 0.00888781 0.00895492 0.0090228 0.00909144 0.00916087 0.00923109
0.00930212 0.00937397 0.00944665 0.00952018 0.00959457 0.00966983 0.00974598
0.00982303 0.00990099 0.00997988 0.0100597 0.0101405 0.0102223 0.010305
0.0103888 0.0104736 0.0105594 0.0106463 0.0107342 0.0108233 0.0109134
0.0110047 0.0110971 0.0111907 0.0112855 0.0113814 0.0114786 0.0115771
0.0116768 0.0117778 0.0118801 0.0119837 0.0120887 0.0121951 0.0123029
0.0124121 0.0125228 0.0126349 0.0127486 0.0128638 0.0129805 0.0130989
0.0132188 0.0133404 0.0134637 0.0135887 0.0137155 0.013844 0.0139743
0.0141064 0.0142405 0.0143764 0.0145143 0.0146542 0.0147961 0.01494
0.0150861 0.0152342 0.0153846 0.0155372 0.0156921 0.0158493 0.0160088
0.0161708 0.0163352 0.0165021 0.0166716 0.0168436 0.0170184 0.0171958
0.0173761 0.0175591 0.0177451 0.017934 0.0181259 0.0183209 0.0185191
0.0187204 0.0189251 0.019133 0.0193445 0.0195594 0.0197779 0.02 0.0202259
0.0204556 0.0206892 0.0209268 0.0211685 0.0214144 0.0216645 0.0219191
0.0221781 0.0224417 0.0227099 0.022983 0.023261 0.023544 0.0238322
0.0241257 0.0244246 0.024729 0.0250391 0.025355 0.0256768 0.0260048
0.0263391 0.0266798 0.027027 0.0273811 0.027742 0.0281101 0.0284855
0.0288684 0.0292589 0.0296574 0.030064 0.0304789 0.0309023 0.0313346
0.0317759 0.0322265 0.0326866 0.0331565 0.0336365 0.0341269 0.034628
0.03514 0.0356633 0.0361983 0.0367453 0.0373045 0.0378765 0.0384615
0.0390601 0.0396725 0.0402992 0.0409406 0.0415973 0.0422697 0.0429583
0.0436635 0.0443861 0.0451264 0.045885 0.0466627 0.0474599 0.0482775
0.0491159 0.049976 0.0508585 0.0517641 0.0526937 0.0536481 0.0546281
0.0556347 0.0566688 0.0577314 0.0588235 0.0599463 0.0611008 0.0622882
0.0635098 0.0647668 0.0660607 0.0673927 0.0687644 0.0701774 0.0716332
0.0731336 0.0746804 0.0762753 0.0779205 0.0796178 0.0813696 0.0831781
0.0850456 0.0869747 0.088968 0.0910283 0.0931585 0.0953616 0.097641
0.1 0.102442 0.104971 0.107592 0.110307 0.113122 0.116042 0.11907 0.122214
0.125477 0.128866 0.132387 0.136047 0.139852 0.14381 0.147929 0.152216
0.156681 0.161332 0.166179 0.171233 0.176504 0.182004 0.187744 0.193738
0.2 0.206543 0.213383 0.220536 0.228019 0.235849 0.244045 0.252627
0.261616 0.271032 0.280899 0.29124 0.302078 0.31344 0.325351 0.337838
0.350926 0.364644 0.379018 0.394073 0.409836 0.42633 0.443577 0.461595
0.4804 0.5 0.5204 0.541594 0.563571 0.586304 0.609756 0.633874 0.658588
0.683807 0.709421 0.735294 0.761267 0.787154 0.812744 0.837802 0.862069
0.885269 0.907112 0.9273 0.945537 0.961538 0.975039 0.985804 0.993641
0.998403;
#A 1000 1 0.998403 0.993641 0.985804 0.975039 0.961538 0.945537 0.9273
0.907112 0.885269 0.862069 0.837802 0.812744 0.787154 0.761267 0.735294
0.709421 0.683807 0.658588 0.633874 0.609756 0.586304 0.563571 0.541594
0.5204 0.5 0.4804 0.461595 0.443577 0.42633 0.409836 0.394073 0.379018
0.364644 0.350926 0.337838 0.325351 0.31344 0.302078 0.29124 0.280899
0.271032 0.261616 0.252627 0.244045 0.235849 0.228019 0.220536 0.213383
0.206543 0.2 0.193738 0.187744 0.182004 0.176504 0.171233 0.166179
0.161332 0.156681 0.152216 0.147929 0.14381 0.139852 0.136047 0.132387
0.128866 0.125477 0.122214 0.11907 0.116042 0.113122 0.110307 0.107592
0.104971 0.102442 0.1 0.097641 0.0953616 0.0931585 0.0910283 0.088968
0.0869747 0.0850456 0.0831781 0.0813696 0.0796178 0.0779205 0.0762753
0.0746804 0.0731336 0.0716332 0.0701774 0.0687644 0.0673927 0.0660607
0.0647668 0.0635098 0.0622882 0.0611008 0.0599463 0.0588235 0.0577314
0.0566688 0.0556347 0.0546281 0.0536481 0.0526937 0.0517641 0.0508585
0.049976 0.0491159 0.0482775 0.0474599 0.0466627 0.045885 0.0451264
0.0443861 0.0436635 0.0429583 0.0422697 0.0415973 0.0409406 0.0402992
0.0396725 0.0390601 0.0384615 0.0378765 0.0373045 0.0367453 0.0361983
0.0356633 0.03514 0.034628 0.0341269 0.0336365 0.0331565 0.0326866
0.0322265 0.0317759 0.0313346 0.0309023 0.0304789 0.030064 0.0296574
0.0292589 0.0288684 0.0284855 0.0281101 0.027742 0.0273811 0.027027
0.0266798 0.0263391 0.0260048 0.0256768 0.025355 0.0250391 0.024729
0.0244246 0.0241257 0.0238322 0.023544 0.023261 0.022983 0.0227099
0.0224417 0.0221781 0.0219191 0.0216645 0.0214144 0.0211685 0.0209268
0.0206892 0.0204556 0.0202259 0.02 0.0197779 0.0195594 0.0193445 0.019133
0.0189251 0.0187204 0.0185191 0.0183209 0.0181259 0.017934 0.0177451
0.0175591 0.0173761 0.0171958 0.0170184 0.0168436 0.0166716 0.0165021
0.0163352 0.0161708 0.0160088 0.0158493 0.0156921 0.0155372 0.0153846
0.0152342 0.0150861 0.01494 0.0147961 0.0146542 0.0145143 0.0143764
0.0142405 0.0141064 0.0139743 0.013844 0.0137155 0.0135887 0.0134637
0.0133404 0.0132188 0.0130989 0.0129805 0.0128638 0.0127486 0.0126349
0.0125228 0.0124121 0.0123029 0.0121951 0.0120887 0.0119837 0.0118801
0.0117778 0.0116768 0.0115771 0.0114786 0.0113814 0.0112855 0.0111907
0.0110971 0.0110047 0.0109134 0.0108233 0.0107342 0.0106463 0.0105594
0.0104736 0.0103888 0.010305 0.0102223 0.0101405 0.0100597 0.00997988
0.00990099 0.00982303 0.00974598 0.00966983 0.00959457 0.00952018 0.00944665
0.00937397 0.00930212 0.00923109 0.00916087 0.00909144 0.0090228 0.00895492
0.00888781 0.00882145 0.00875583 0.00869094 0.00862676 0.00856329 0.00850051
0.00843842 0.00837701 0.00831626 0.00825617 0.00819672 0.00813792 0.00807974
0.00802218 0.00796523 0.00790889 0.00785314 0.00779798 0.00774339 0.00768937
0.00763592 0.00758302 0.00753067 0.00747885 0.00742757 0.00737681 0.00732657
0.00727683 0.00722761 0.00717887 0.00713063 0.00708287 0.00703559 0.00698878
0.00694244 0.00689655 0.00685112 0.00680613 0.00676158 0.00671747 0.00667379
0.00663053 0.00658768 0.00654526 0.00650324 0.00646162 0.0064204 0.00637957
0.00633913 0.00629907 0.00625939 0.00622008 0.00618114 0.00614257 0.00610435
0.00606649 0.00602898 0.00599181 0.00595499 0.0059185 0.00588235 0.00584653
0.00581103 0.00577586 0.005741 0.00570646 0.00567223 0.0056383 0.00560468
0.00557135 0.00553833 0.00550559 0.00547314 0.00544098 0.0054091 0.0053775
0.00534618 0.00531512 0.00528434 0.00525382 0.00522357 0.00519357 0.00516384
0.00513436 0.00510512 0.00507614 0.00504741 0.00501891 0.00499066 0.00496264
0.00493486 0.00490731 0.00487999 0.0048529 0.00482603 0.00479939 0.00477296
0.00474675 0.00472076 0.00469498 0.00466941 0.00464404 0.00461889 0.00459393
0.00456918 0.00454463 0.00452027 0.00449611 0.00447214 0.00444837 0.00442478
0.00440138 0.00437816 0.00435513 0.00433228 0.0043096 0.00428711 0.00426479
0.00424264 0.00422066 0.00419886 0.00417722 0.00415575 0.00413445 0.0041133
0.00409232 0.0040715 0.00405084 0.00403033 0.00400998 0.00398979 0.00396974
0.00394985 0.0039301 0.0039105 0.00389105 0.00387174 0.00385258 0.00383356
0.00381467 0.00379593 0.00377733 0.00375886 0.00374052 0.00372232 0.00370425
0.00368631 0.00366851 0.00365083 0.00363328 0.00361585 0.00359855 0.00358137
0.00356432 0.00354739 0.00353058 0.00351388 0.00349731 0.00348085 0.0034645
0.00344828 0.00343216 0.00341616 0.00340027 0.00338449 0.00336882 0.00335326
0.0033378 0.00332245 0.00330721 0.00329207 0.00327704 0.00326211 0.00324728
0.00323255 0.00321792 0.00320339 0.00318895 0.00317462 0.00316038 0.00314624
0.00313219 0.00311823 0.00310437 0.0030906 0.00307692 0.00306333 0.00304984
0.00303643 0.00302311 0.00300987 0.00299673 0.00298366 0.00297069 0.0029578
0.00294499 0.00293226 0.00291962 0.00290706 0.00289458 0.00288218 0.00286986
0.00285761 0.00284545 0.00283336 0.00282135 0.00280942 0.00279756 0.00278578
0.00277407 0.00276243 0.00275087 0.00273938 0.00272796 0.00271661 0.00270533
0.00269413 0.00268299 0.00267192 0.00266092 0.00264999 0.00263912 0.00262833
0.00261759 0.00260693 0.00259632 0.00258579 0.00257531 0.0025649 0.00255455
0.00254427 0.00253405 0.00252389 0.00251379 0.00250375 0.00249377 0.00248384
0.00247398 0.00246418 0.00245444 0.00244475 0.00243512 0.00242555 0.00241603
0.00240657 0.00239716 0.00238781 0.00237851 0.00236927 0.00236008 0.00235095
0.00234187 0.00233284 0.00232386 0.00231493 0.00230606 0.00229724 0.00228846
0.00227974 0.00227107 0.00226244 0.00225387 0.00224534 0.00223686 0.00222843
0.00222005 0.00221172 0.00220343 0.00219519 0.00218699 0.00217884 0.00217073
0.00216267 0.00215466 0.00214669 0.00213876 0.00213088 0.00212304 0.00211525
0.00210749 0.00209978 0.00209211 0.00208449 0.0020769 0.00206936 0.00206186
0.00205439 0.00204697 0.00203959 0.00203225 0.00202495 0.00201768 0.00201046
0.00200328 0.00199613 0.00198902 0.00198195 0.00197492 0.00196792 0.00196096
0.00195404 0.00194716 0.00194031 0.00193349 0.00192672 0.00191998 0.00191327
0.0019066 0.00189996 0.00189336 0.00188679 0.00188026 0.00187376 0.00186729
0.00186086 0.00185446 0.0018481 0.00184176 0.00183546 0.00182919 0.00182295
0.00181675 0.00181058 0.00180443 0.00179832 0.00179224 0.00178619 0.00178018
0.00177419 0.00176823 0.0017623 0.0017564 0.00175053 0.00174469 0.00173888
0.0017331 0.00172735 0.00172163 0.00171593 0.00171026 0.00170462 0.00169901
0.00169343 0.00168787 0.00168234 0.00167684 0.00167136 0.00166592 0.00166049
0.0016551 0.00164973 0.00164439 0.00163907 0.00163378 0.00162851 0.00162327
0.00161806 0.00161287 0.0016077 0.00160256 0.00159744 0.00159235 0.00158729
0.00158224 0.00157722 0.00157223 0.00156726 0.00156231 0.00155738 0.00155248
0.0015476 0.00154275 0.00153792 0.00153311 0.00152832 0.00152355 0.00151881
0.00151409 0.00150939 0.00150472 0.00150006 0.00149543 0.00149081 0.00148622
0.00148165 0.0014771 0.00147258 0.00146807 0.00146358 0.00145912 0.00145467
0.00145025 0.00144584 0.00144146 0.00143709 0.00143275 0.00142842 0.00142412
0.00141983 0.00141556 0.00141131 0.00140708 0.00140287 0.00139868 0.00139451
0.00139036 0.00138622 0.0013821 0.00137801 0.00137393 0.00136986 0.00136582
0.00136179 0.00135778 0.00135379 0.00134982 0.00134586 0.00134192 0.001338
0.0013341 0.00133021 0.00132634 0.00132249 0.00131865 0.00131483 0.00131103
0.00130724 0.00130347 0.00129972 0.00129598 0.00129226 0.00128855 0.00128486
0.00128119 0.00127753 0.00127389 0.00127026 0.00126665 0.00126305 0.00125947
0.0012559 0.00125235 0.00124882 0.0012453 0.00124179 0.0012383 0.00123482
0.00123136 0.00122791 0.00122448 0.00122106 0.00121766 0.00121427 0.00121089
0.00120753 0.00120418 0.00120085 0.00119753 0.00119422 0.00119093 0.00118765
0.00118438 0.00118113 0.00117789 0.00117467 0.00117145 0.00116825 0.00116507
0.0011619 0.00115874 0.00115559 0.00115245 0.00114933 0.00114622 0.00114313
0.00114004 0.00113697 0.00113391 0.00113087 0.00112783 0.00112481 0.0011218
0.0011188 0.00111581 0.00111284 0.00110988 0.00110693 0.00110399 0.00110106
0.00109815 0.00109524 0.00109235 0.00108947 0.0010866 0.00108374 0.00108089
0.00107806 0.00107523 0.00107242 0.00106962 0.00106683 0.00106405 0.00106128
0.00105852 0.00105577 0.00105303 0.0010503 0.00104759 0.00104488 0.00104219
0.0010395 0.00103683 0.00103416 0.00103151 0.00102886 0.00102623 0.00102361
0.00102099 0.00101839 0.0010158 0.00101321 0.00101064 0.00100807 0.00100552
0.00100298 0.00100044 0.000997915 0.000995399 0.000992893 0.000990396
0.000987908 0.00098543 0.000982961 0.000980501 0.000978051 0.00097561
0.000973178 0.000970755 0.000968341 0.000965936 0.00096354 0.000961152
0.000958774 0.000956405 0.000954044 0.000951692 0.000949349 0.000947014
0.000944688 0.000942371 0.000940062 0.000937761 0.000935469 0.000933185
0.00093091 0.000928643 0.000926384 0.000924134 0.000921892 0.000919657
0.000917431 0.000915213 0.000913003 0.000910801 0.000908607 0.000906421
0.000904243 0.000902073 0.00089991 0.000897755 0.000895608 0.000893469
0.000891337 0.000889213 0.000887096 0.000884987 0.000882886 0.000880792
0.000878705 0.000876626 0.000874554 0.000872489 0.000870432 0.000868383
0.00086634 0.000864304 0.000862276 0.000860255 0.000858241 0.000856234
0.000854234 0.000852241 0.000850255 0.000848275 0.000846303 0.000844338
0.000842379 0.000840428 0.000838483 0.000836544 0.000834613 0.000832688
0.00083077 0.000828859 0.000826954 0.000825055 0.000823163 0.000821278
0.000819399 0.000817527 0.000815661 0.000813801 0.000811948 0.000810101
0.00080826 0.000806426 0.000804597 0.000802775 0.00080096 0.00079915
0.000797346 0.000795549 0.000793758 0.000791972 0.000790193 0.00078842
0.000786652 0.000784891 0.000783135 0.000781386 0.000779642 0.000777904
0.000776172 0.000774446 0.000772725 0.00077101 0.000769301 0.000767597
0.0007659 0.000764207 0.000762521 0.000760839 0.000759164 0.000757494
0.00075583 0.000754171 0.000752517 0.000750869 0.000749226 0.000747589
0.000745957 0.00074433 0.000742709 0.000741093 0.000739482 0.000737877
0.000736276 0.000734681 0.000733091 0.000731507 0.000729927 0.000728352
0.000726783 0.000725219 0.000723659 0.000722105 0.000720556 0.000719012
0.000717472 0.000715938 0.000714408 0.000712884 0.000711364 0.000709849
0.000708339 0.000706834 0.000705333 0.000703837 0.000702347 0.00070086
0.000699379 0.000697902 0.00069643 0.000694963 0.0006935 0.000692042
0.000690588 0.000689139 0.000687694 0.000686254 0.000684819 0.000683388
0.000681962 0.00068054 0.000679122 0.000677709 0.0006763 0.000674896
0.000673496 0.0006721 0.000670709 0.000669322 0.000667939 0.000666561
0.000665187 0.000663817 0.000662451 0.000661089 0.000659732 0.000658379
0.00065703 0.000655685 0.000654345 0.000653008 0.000651676 0.000650347
0.000649023 0.000647703 0.000646386 0.000645074 0.000643766 0.000642461
0.000641161 0.000639865 0.000638572 0.000637284 0.000635999 0.000634718
0.000633441 0.000632168 0.000630899 0.000629633 0.000628372 0.000627114
0.00062586;
#X coords 0 1 1999 0 200 140 1;
#X restore 505 1 graph;
#X obj 159 383 tabwrite \$0-gaussian;
#X obj 490 421 tabwrite \$0-cauchy;
#X obj 159 241 / 25;
#X obj 159 213 - 100;
#X obj 159 347 exp;
#X obj 159 269 t f f;
#X obj 191 297 * -1;
#X obj 159 322 *;
#X obj 490 286 / 25;
#X obj 490 310 sqr;
#X obj 490 337 + 1;
#X msg 490 361 1 \$1;
#X obj 490 386 /;
#X obj 391 206 sel 1999;
#X obj 490 258 - 1000;
#X connect 0 0 1 0;
#X connect 1 0 5 0;
#X connect 1 1 4 0;
#X connect 2 0 3 0;
#X connect 2 0 6 0;
#X connect 2 0 7 0;
#X connect 3 0 2 1;
#X connect 4 0 2 1;
#X connect 5 0 2 0;
#X connect 6 0 20 0;
#X connect 6 1 17 1;
#X connect 7 0 5 1;
#X connect 9 0 10 0;
#X connect 10 0 14 0;
#X connect 10 1 13 0;
#X connect 11 0 12 0;
#X connect 11 0 15 0;
#X connect 11 0 30 0;
#X connect 12 0 11 1;
#X connect 13 0 11 1;
#X connect 14 0 11 0;
#X connect 15 0 31 0;
#X connect 15 1 18 1;
#X connect 19 0 22 0;
#X connect 20 0 19 0;
#X connect 21 0 17 0;
#X connect 22 0 24 0;
#X connect 22 1 23 0;
#X connect 23 0 24 1;
#X connect 24 0 21 0;
#X connect 25 0 26 0;
#X connect 26 0 27 0;
#X connect 27 0 28 0;
#X connect 28 0 29 0;
#X connect 29 0 18 0;
#X connect 30 0 14 1;
#X connect 31 0 25 0;
#X restore 484 351 pd make-table;
#X obj 249 301 +~ 100;
#X text 281 349 waveshaper;
#X obj 140 128 *~;
#X obj 338 182 *~;
#X text 361 165 divide by fundamental;
#X text 384 202 range for table;
#X text 320 324 offset to middle of table;
#X text 148 150 C.F. relative;
#X text 155 165 to fundamental;
#X text 171 388 ring mod;
#X obj 363 99 inlet~;
#X obj 219 23 inlet~;
#X obj 116 41 inlet~;
#X text 28 19 center freq;
#X obj 154 442 outlet~;
#X obj 474 112 inlet;
#X obj 515 154 moses 1;
#X obj 536 99 f \$1;
#X obj 510 10 loadbang;
#X msg 316 266 100;
#X obj 39 121 inlet~;
#X obj 588 228 f \$0;
#X msg 521 264 set \$1-cauchy;
#X msg 406 246 set \$1-gaussian;
#X obj 509 218 f \$0;
#X obj 574 198 bang;
#X obj 514 193 bang;
#X obj 247 239 hanning~;
#X obj 136 196 samphold~;
#X obj 328 233 samphold~;
#X obj 249 324 tabread4~;
#X obj 137 393 *~;
#X text 411 91 bandwidth;
#X msg 513 298 1000;
#X obj 338 206 *~ 25;
#X text 28 94 phasor~ in;
#X obj 169 63 sig~ 1;
#X obj 249 128 /~;
#X obj 219 55 expr~ if($v1==0 \, 1 \, 0);
#X obj 259 96 +~;
#X obj 214 101 -~;
#X obj 159 418 hip~ 5;
#X connect 0 0 6 1;
#X connect 0 0 8 0;
#X connect 1 0 5 0;
#X connect 1 0 0 0;
#X connect 2 0 6 0;
#X connect 3 0 4 1;
#X connect 3 0 7 1;
#X connect 4 0 1 1;
#X connect 5 0 2 0;
#X connect 6 0 7 0;
#X connect 7 0 8 1;
#X connect 8 0 42 0;
#X connect 9 0 11 0;
#X connect 11 0 41 0;
#X connect 13 0 39 0;
#X connect 14 0 45 0;
#X connect 21 0 14 0;
#X connect 22 0 49 0;
#X connect 22 0 50 1;
#X connect 23 0 13 0;
#X connect 26 0 27 0;
#X connect 27 0 30 0;
#X connect 27 0 37 0;
#X connect 27 1 44 0;
#X connect 27 1 36 0;
#X connect 28 0 27 0;
#X connect 29 0 28 0;
#X connect 30 0 11 1;
#X connect 31 0 1 0;
#X connect 31 0 5 1;
#X connect 31 0 39 1;
#X connect 31 0 40 1;
#X connect 31 0 38 0;
#X connect 32 0 33 0;
#X connect 33 0 41 0;
#X connect 34 0 41 0;
#X connect 35 0 34 0;
#X connect 36 0 32 0;
#X connect 37 0 35 0;
#X connect 38 0 9 0;
#X connect 39 0 4 0;
#X connect 39 0 3 0;
#X connect 40 0 9 1;
#X connect 41 0 42 1;
#X connect 42 0 52 0;
#X connect 44 0 11 1;
#X connect 45 0 40 0;
#X connect 47 0 51 0;
#X connect 48 0 13 1;
#X connect 48 0 14 1;
#X connect 49 0 50 0;
#X connect 49 0 51 1;
#X connect 50 0 48 1;
#X connect 51 0 48 0;
#X connect 52 0 25 0;
